Zrzut pomiarów z pliku PocketTopo .top
========================================
Plik: Czarna-zimna.top
Data tripu: 2011-10-02 00:00:00
Liczba tripów: 1
Liczba strzałów: 756
Liczba referencji: 0
Deklinacja: 0.00°
Komentarz tripu: (brak)

Komentarze do strzałów:
- #83: 1.22 -> (bez stacji docelowej) | syfon
- #143: 1.38 -> (bez stacji docelowej) | do brzegu jeziorka
- #144: 1.38 -> 1.39 | brzeg kamienia
- #195: 1.55 -> 1.56 | do wystepu na skale tuz za wyjsciem z rury, po lewej stronie, troche wyzej niz polowa wysokosci
- #233: 1.67 -> 1.68 | do czubka stalagmita
- #319: 1.91 -> 1.92 | do kraty, przy wejsciu gdzie zwykle zaczepiona na kracie lina. Na wysokosci batinoxa, ok. 50 cm do osi otworu od niego.
- #754: 1.220 -> 1.221 | otwor Zimnej, strop nad otworem, okolo polowy szerokosci

Pełna lista strzałów:
lp	from	to	dist[m]	az[°]	inc[°]	roll[°]	flip	trip	komentarz
1	1	(brak)	0.000	0.00	0.00	0.00		-1	
2	1	(brak)	5.510	80.62	27.61	355.78		0	
3	1	(brak)	0.660	16.52	83.53	25.31		0	
4	1	1.1	2.310	219.48	-7.08	313.59		0	
5	1	1.1	2.310	219.48	-7.10	313.59		0	
6	1	1.1	2.320	219.48	-6.99	312.19		0	
7	1.1	(brak)	4.340	119.32	47.10	130.78		0	
8	1.1	1.2	4.980	161.95	29.45	42.19		0	
9	1.1	1.2	4.990	162.00	29.48	42.19		0	
10	1.1	1.2	4.990	161.90	29.48	42.19		0	
11	1.2	1.3	3.170	173.52	31.45	305.16		0	
12	1.2	1.3	3.170	173.40	31.72	303.75		0	
13	1.2	1.3	3.170	173.59	31.61	303.75		0	
14	1.3	(brak)	3.830	279.73	-46.74	331.88		0	
15	1.3	(brak)	0.630	140.72	-55.74	236.25		0	
16	1.3	(brak)	1.000	281.22	50.16	313.59		0	
17	1.3	1.4	5.350	223.90	-33.69	306.56		0	
18	1.3	1.4	5.350	223.58	-33.72	306.56		0	
19	1.3	1.4	5.360	223.84	-33.62	306.56		0	
20	2.4	(brak)	3.140	311.02	-36.25	337.50		0	
21	2.4	1.400	4.770	137.08	39.83	180.00		0	
22	2.4	1.400	4.770	137.28	39.66	180.00		0	
23	2.4	1.400	4.750	137.62	39.50	122.34		0	
24	1.400	1.5	1.720	30.91	5.34	226.41		0	
25	1.400	1.5	1.730	30.38	5.60	226.41		0	
26	1.400	1.5	1.740	30.38	5.85	225.00		0	
27	1.5	1.6	2.560	75.27	43.96	316.41		0	
28	1.5	1.6	2.550	75.21	43.90	316.41		0	
29	1.5	1.6	2.560	75.58	43.83	316.41		0	
30	1.6	1.7	1.420	166.74	37.72	270.00		0	
31	1.6	1.7	1.420	166.83	37.66	270.00		0	
32	1.6	1.7	1.420	166.85	37.53	270.00		0	
33	1.7	1.4	3.460	105.92	28.15	185.62		0	
34	1.7	1.4	3.450	105.91	27.99	185.62		0	
35	1.7	1.4	3.460	105.86	28.05	185.62		0	
36	1.4	1.9	5.210	87.43	48.99	26.72		0	
37	1.4	1.9	5.210	87.53	49.10	26.72		0	
38	1.4	1.9	5.210	87.72	49.10	26.72		0	
39	1.9	(brak)	0.730	323.17	62.14	119.53		0	
40	1.9	(brak)	2.350	207.14	8.50	300.94		0	
41	1.9	1.10	3.850	156.63	32.85	292.50		0	
42	1.9	1.10	3.850	156.64	32.84	292.50		0	
43	1.9	1.10	3.850	156.64	32.94	292.50		0	
44	1.10	1.11	2.430	126.63	34.51	163.12		0	
45	1.10	1.11	2.440	126.78	34.46	164.53		0	
46	1.10	1.11	2.430	126.58	34.52	164.53		0	
47	1.11	1.12	4.240	166.42	18.76	272.81		0	
48	1.11	1.12	4.230	166.21	18.81	272.81		0	
49	1.11	1.12	4.220	166.47	18.80	272.81		0	
50	1.12	(brak)	2.920	133.20	45.53	123.75		0	
51	1.12	(brak)	0.480	326.64	57.41	289.69		0	
52	1.12	1.13	2.140	182.98	30.96	92.81		0	
53	1.12	1.13	2.140	183.07	30.86	92.81		0	
54	1.12	1.13	2.140	183.08	30.82	92.81		0	
55	1.13	1.14	2.030	124.55	56.91	106.88		0	
56	1.13	1.14	2.030	124.30	56.98	106.88		0	
57	1.13	1.14	2.040	124.59	57.02	105.47		0	
58	1.14	1.15	0.490	68.88	-45.93	181.41		0	
59	1.14	1.15	0.490	69.01	-45.92	181.41		0	
60	1.14	1.15	0.480	69.21	-46.16	181.41		0	
61	1.15	1.16	3.510	174.93	13.06	324.84		0	
62	1.15	1.16	3.510	174.89	13.12	324.84		0	
63	1.15	1.16	3.510	174.77	13.18	326.25		0	
64	1.16	1.17	2.310	253.92	-25.15	192.66		0	
65	1.16	1.17	2.310	253.79	-25.20	192.66		0	
66	1.16	1.17	2.300	253.81	-25.22	192.66		0	
67	1.17	1.18	6.320	241.06	-39.08	78.75		0	
68	1.17	1.18	6.320	240.95	-39.06	78.75		0	
69	1.17	1.18	6.310	240.90	-39.00	77.34		0	
70	1.18	1.19	3.800	302.24	-35.57	7.03		0	
71	1.18	1.19	3.800	302.02	-35.58	7.03		0	
72	1.18	1.19	3.790	302.03	-35.57	7.03		0	
73	1.19	1.20	1.900	245.09	-26.35	49.22		0	
74	1.19	1.20	1.910	245.18	-26.05	49.22		0	
75	1.19	1.20	1.910	245.14	-26.09	47.81		0	
76	1.20	1.21	3.520	248.43	-39.26	47.81		0	
77	1.20	1.21	3.520	248.21	-39.38	49.22		0	
78	1.20	1.21	3.520	248.20	-39.25	47.81		0	
79	1.21	1.22	13.420	288.43	-41.94	39.38		0	
80	1.21	1.22	13.420	288.34	-41.98	39.38		0	
81	1.21	1.22	13.420	288.36	-41.91	39.38		0	
82	1.22	(brak)	1.780	347.28	82.07	22.50		0	
83	1.22	(brak)	7.220	342.83	-19.12	340.31		0	syfon
84	1.22	1.23	20.270	166.61	27.45	8.44		0	
85	1.22	1.23	20.280	166.66	27.44	8.44		0	
86	1.22	1.23	20.280	166.49	27.39	8.44		0	
87	1.23	1.24	8.090	246.97	-7.87	19.69		0	
88	1.23	1.24	8.090	246.95	-7.99	19.69		0	
89	1.23	1.24	8.090	247.21	-8.04	18.28		0	
90	1.24	(brak)	7.830	8.28	-32.90	293.91		0	
91	1.24	(brak)	10.230	131.89	35.44	182.81		0	
92	1.24	1.25	9.780	184.41	9.94	94.22		0	
93	1.24	1.25	9.780	184.19	9.89	94.22		0	
94	1.24	1.25	9.770	184.31	9.98	94.22		0	
95	1.25	1.26	10.590	222.68	-3.25	313.59		0	
96	1.25	1.26	10.570	222.34	-3.20	312.19		0	
97	1.25	1.26	10.570	222.23	-3.15	312.19		0	
98	1.26	1.27	1.960	214.01	-9.87	35.16		0	
99	1.26	1.27	1.960	214.25	-9.67	35.16		0	
100	1.26	1.27	1.960	214.09	-9.57	35.16		0	
101	1.27	(brak)	11.290	121.96	35.86	82.97		0	
102	1.27	(brak)	0.970	214.37	76.70	4.22		0	
103	1.27	(brak)	8.090	187.38	7.18	1.41		0	
104	1.27	1.28	3.620	260.05	-32.06	350.16		0	
105	1.27	1.28	3.630	259.87	-32.03	348.75		0	
106	1.27	1.28	3.630	259.68	-32.01	348.75		0	
107	1.28	1.29	3.370	255.94	-36.18	39.38		0	
108	1.28	1.29	3.370	255.82	-36.05	39.38		0	
109	1.28	1.29	3.360	255.99	-36.08	40.78		0	
110	1.29	1.30	3.530	246.52	-41.62	315.00		0	
111	1.29	1.30	3.530	246.49	-41.61	315.00		0	
112	1.29	1.30	3.530	246.78	-41.61	315.00		0	
113	1.30	1.31	5.070	309.72	-46.13	344.53		0	
114	1.30	1.31	5.080	309.71	-46.24	344.53		0	
115	1.30	1.31	5.080	309.46	-46.29	345.94		0	
116	1.31	1.32	3.540	209.62	-30.77	81.56		0	
117	1.31	1.32	3.540	209.39	-30.80	82.97		0	
118	1.31	1.32	3.540	209.35	-30.80	81.56		0	
119	1.32	(brak)	8.430	174.61	32.02	350.16		0	
120	1.32	(brak)	1.920	237.37	-22.65	331.88		0	
121	1.32	(brak)	0.860	166.49	-60.21	28.12		0	
122	1.32	1.33	6.170	307.26	-37.25	184.22		0	
123	1.32	1.33	6.170	307.27	-37.24	184.22		0	
124	1.32	1.33	6.170	307.28	-37.19	184.22		0	
125	1.33	1.34	11.770	245.36	0.38	37.97		0	
126	1.33	1.34	11.770	245.41	0.37	39.38		0	
127	1.33	1.34	11.770	245.32	0.44	39.38		0	
128	1.34	(brak)	3.790	23.29	-10.34	33.75		0	
129	1.34	(brak)	3.540	250.94	6.38	12.66		0	
130	1.34	(brak)	1.260	345.82	57.28	345.94		0	
131	1.34	1.35	18.510	319.05	-34.73	11.25		0	
132	1.34	1.35	18.510	319.26	-34.70	12.66		0	
133	1.34	1.35	18.510	319.16	-34.71	12.66		0	
134	1.35	1.36	8.230	300.78	-20.21	26.72		0	
135	1.35	1.36	8.230	300.78	-20.20	26.72		0	
136	1.35	1.36	8.230	300.75	-20.12	26.72		0	
137	1.36	1.37	10.790	210.88	22.34	16.88		0	
138	1.36	1.37	10.790	210.92	22.33	16.88		0	
139	1.36	1.37	10.800	211.02	22.38	16.88		0	
140	1.37	(brak)	5.470	2.58	-34.55	347.34		0	
141	1.37	(brak)	2.180	350.49	41.49	2.81		0	
142	1.37	(brak)	3.360	189.18	56.72	125.16		0	
143	1.38	(brak)	2.580	14.42	-14.34	28.12		0	do brzegu jeziorka
144	1.38	1.39	1.350	172.92	21.46	303.75		0	brzeg kamienia
145	1.38	1.39	1.350	172.82	21.43	303.75		0	
146	1.38	1.39	1.350	172.79	21.57	305.16		0	
147	1.39	1.40	1.000	157.33	8.28	142.03		0	
148	1.39	1.40	0.990	157.14	7.94	142.03		0	
149	1.39	1.40	1.000	157.15	8.04	142.03		0	
150	1.40	1.41	0.400	183.85	17.11	296.72		0	
151	1.40	1.41	0.400	183.96	17.11	296.72		0	
152	1.40	1.41	0.400	183.86	17.05	296.72		0	
153	1.41	1.42	5.590	165.94	43.69	99.84		0	
154	1.41	1.42	5.600	166.00	43.81	99.84		0	
155	1.41	1.42	5.600	166.05	43.75	99.84		0	
156	1.42	1.43	0.570	64.24	-2.28	194.06		0	
157	1.42	1.43	0.570	64.54	-2.14	194.06		0	
158	1.42	1.43	0.570	65.09	-2.02	194.06		0	
159	1.43	1.44	3.550	177.07	36.75	296.72		0	
160	1.43	1.44	3.550	176.93	36.96	296.72		0	
161	1.43	1.44	3.550	176.71	36.83	296.72		0	
162	1.44	1.45	2.560	254.65	-1.60	109.69		0	
163	1.44	1.45	2.560	254.59	-1.63	109.69		0	
164	1.44	1.45	2.570	254.58	-1.66	109.69		0	
165	1.45	1.46	1.400	231.44	11.83	233.44		0	
166	1.45	1.46	1.400	231.74	11.91	233.44		0	
167	1.45	1.46	1.380	231.99	11.78	233.44		0	
168	1.46	1.47	3.910	178.07	39.20	40.78		0	
169	1.46	1.47	3.910	178.27	39.11	42.19		0	
170	1.46	1.47	3.910	178.06	39.11	42.19		0	
171	1.47	1.48	7.270	164.99	41.40	19.69		0	
172	1.47	1.48	7.290	165.13	41.61	18.28		0	
173	1.47	1.48	7.280	165.31	41.67	18.28		0	
174	1.48	1.49	1.680	107.92	39.26	149.06		0	
175	1.48	1.49	1.670	108.23	38.84	150.47		0	
176	1.48	1.49	1.670	108.11	38.97	149.06		0	
177	1.49	1.50	1.780	189.22	20.00	271.41		0	
178	1.49	1.50	1.740	189.12	20.10	270.00		0	
179	1.49	1.50	1.730	189.16	20.23	270.00		0	
180	1.50	1.51	6.900	171.46	34.69	156.09		0	
181	1.50	1.51	6.910	171.45	34.59	157.50		0	
182	1.50	1.51	6.910	171.13	34.74	157.50		0	
183	1.51	1.52	0.810	264.56	-61.07	154.69		0	
184	1.51	1.52	0.810	264.50	-60.95	154.69		0	
185	1.51	1.52	0.810	264.47	-61.10	154.69		0	
186	1.52	1.53	2.030	186.26	32.25	66.09		0	
187	1.52	1.53	2.040	185.99	32.36	66.09		0	
188	1.52	1.53	2.050	186.58	32.40	66.09		0	
189	1.53	1.54	3.150	173.34	26.19	352.97		0	
190	1.53	1.54	3.120	173.14	26.08	352.97		0	
191	1.53	1.54	3.150	172.61	26.10	352.97		0	
192	1.54	1.55	2.210	213.43	36.27	316.41		0	
193	1.54	1.55	2.210	213.28	36.34	316.41		0	
194	1.54	1.55	2.210	213.02	36.54	316.41		0	
195	1.55	1.56	2.000	209.51	46.83	354.38		0	do wystepu na skale tuz za wyjsciem z rury, po lewej stronie, troche wyzej niz polowa wysokosci
196	1.55	1.56	2.000	209.49	46.65	354.38		0	
197	1.55	1.56	2.000	209.16	46.83	354.38		0	
198	1.56	1.57	0.790	223.28	-12.24	109.69		0	
199	1.56	1.57	0.790	223.28	-12.34	112.50		0	
200	1.56	1.57	0.790	223.52	-12.18	113.91		0	
201	1.37	1.57	12.210	278.06	5.09	352.97		0	
202	1.37	1.57	12.240	277.99	5.13	354.38		0	
203	1.37	1.57	12.240	278.06	5.22	352.97		0	
204	1.57	1.59	4.190	202.91	7.60	157.50		0	
205	1.57	1.59	4.180	202.78	7.58	157.50		0	
206	1.57	1.59	4.190	202.68	7.44	157.50		0	
207	1.59	(brak)	4.170	202.75	7.53	157.50		0	
208	1.59	1.60	23.560	143.45	34.49	11.25		0	
209	1.59	1.60	23.550	143.61	34.45	11.25		0	
210	1.59	1.60	23.550	143.51	34.41	11.25		0	
211	1.60	1.61	4.480	128.10	15.25	91.41		0	
212	1.60	1.61	4.490	128.22	15.21	91.41		0	
213	1.60	1.61	4.480	128.19	15.12	91.41		0	
214	1.61	(brak)	11.420	141.70	29.32	35.16		0	
215	1.61	1.62	11.350	141.64	29.39	35.16		0	
216	1.61	1.62	11.340	141.62	29.37	35.16		0	
217	1.61	1.62	11.340	141.63	29.46	35.16		0	
218	1.62	1.63	3.470	152.24	22.70	284.06		0	
219	1.62	1.63	3.470	152.30	22.59	284.06		0	
220	1.62	1.63	3.470	152.28	22.54	282.66		0	
221	1.63	1.64	4.100	145.03	23.64	296.72		0	
222	1.63	1.64	4.100	145.01	23.68	296.72		0	
223	1.63	1.64	4.090	145.09	23.67	296.72		0	
224	1.64	1.65	1.790	154.65	38.83	22.50		0	
225	1.64	1.65	1.780	154.64	38.95	21.09		0	
226	1.64	1.65	1.780	154.64	39.08	21.09		0	
227	1.65	1.66	1.830	175.71	41.09	305.16		0	
228	1.65	1.66	1.830	175.53	41.15	305.16		0	
229	1.65	1.66	1.830	175.53	41.05	305.16		0	
230	1.66	1.67	2.830	163.73	40.76	350.16		0	
231	1.66	1.67	2.830	163.79	40.85	350.16		0	
232	1.66	1.67	2.830	163.64	40.89	350.16		0	
233	1.67	1.68	2.170	186.76	26.49	345.94		0	do czubka stalagmita
234	1.67	1.68	2.180	186.82	26.60	345.94		0	
235	1.67	1.68	2.180	186.77	26.74	345.94		0	
236	1.68	1.69	8.060	87.82	15.20	347.34		0	
237	1.68	1.69	8.060	87.73	15.24	347.34		0	
238	1.68	1.69	8.050	87.93	15.30	347.34		0	
239	1.69	1.70	5.350	45.81	-3.26	40.78		0	
240	1.69	1.70	5.350	45.74	-3.30	40.78		0	
241	1.69	1.70	5.350	45.74	-3.30	40.78		0	
242	1.70	1.71	2.800	60.94	15.25	5.62		0	
243	1.70	1.71	2.810	60.69	15.25	5.62		0	
244	1.70	1.71	2.800	60.85	15.21	5.62		0	
245	1.71	1.72	7.180	117.88	35.18	333.28		0	
246	1.71	1.72	7.180	117.87	35.15	333.28		0	
247	1.71	1.72	7.190	117.76	35.21	333.28		0	
248	1.72	(brak)	2.490	209.79	5.26	317.81		0	
249	1.72	(brak)	1.200	46.77	12.57	90.00		0	
250	1.72	(brak)	1.070	228.17	84.46	292.50		0	
251	1.72	1.73	11.930	89.94	36.72	21.09		0	
252	1.72	1.73	11.920	89.77	36.70	22.50		0	
253	1.72	1.73	11.930	89.88	36.72	22.50		0	
254	1.73	(brak)	2.570	251.66	86.24	284.06		0	
255	1.73	(brak)	2.520	165.03	33.03	338.91		0	
256	1.73	(brak)	2.170	344.93	20.96	202.50		0	
257	1.73	(brak)	14.250	233.56	-10.99	288.28		0	
258	1.73	1.74	8.240	64.64	18.95	23.91		0	
259	1.73	1.74	8.250	64.63	18.89	23.91		0	
260	1.73	1.74	8.250	64.75	18.81	23.91		0	
261	1.74	(brak)	2.140	293.45	-12.56	32.34		0	
262	1.74	(brak)	7.870	49.44	-8.39	129.38		0	
263	1.74	1.75	2.130	271.80	9.28	36.56		0	
264	1.74	1.75	2.130	271.61	9.09	36.56		0	
265	1.74	1.75	2.140	271.91	9.32	35.16		0	
266	1.75	1.76	5.020	41.84	42.71	324.84		0	
267	1.75	1.76	5.030	42.04	42.63	324.84		0	
268	1.75	1.76	5.030	42.12	42.67	324.84		0	
269	1.76	1.77	6.190	149.92	47.06	268.59		0	
270	1.76	1.77	6.190	150.14	47.11	268.59		0	
271	1.76	1.77	6.190	149.78	47.14	268.59		0	
272	1.77	1.78	7.360	50.04	12.12	45.00		0	
273	1.77	1.78	7.360	50.13	11.97	43.59		0	
274	1.77	1.78	7.360	50.17	12.12	43.59		0	
275	1.78	1.79	3.980	78.95	42.94	59.06		0	
276	1.78	1.79	3.980	78.99	42.79	59.06		0	
277	1.78	1.79	3.970	79.12	42.72	59.06		0	
278	1.79	1.80	2.480	81.01	28.27	329.06		0	
279	1.79	1.80	2.480	80.94	28.17	329.06		0	
280	1.79	1.80	2.480	81.05	28.23	329.06		0	
281	1.80	1.81	8.110	167.89	-5.39	1.41		0	
282	1.80	1.81	8.120	167.98	-5.42	1.41		0	
283	1.80	1.81	8.120	168.00	-5.37	1.41		0	
284	1.81	(brak)	4.390	328.36	10.90	326.25		0	
285	1.81	(brak)	8.010	331.84	58.99	310.78		0	
286	1.81	1.82	8.200	278.89	21.79	336.09		0	
287	1.81	1.82	8.190	278.82	21.80	336.09		0	
288	1.81	1.82	8.190	278.88	21.80	336.09		0	
289	1.82	1.83	6.210	263.36	32.74	137.81		0	
290	1.82	1.83	6.210	263.18	32.69	136.41		0	
291	1.82	1.83	6.210	263.20	32.65	136.41		0	
292	1.83	1.84	2.100	306.26	22.92	243.28		0	
293	1.83	1.84	2.090	306.18	22.86	241.88		0	
294	1.83	1.84	2.090	306.26	22.73	241.88		0	
295	1.84	1.85	13.040	283.15	41.31	73.12		0	
296	1.84	1.85	13.020	283.29	41.39	73.12		0	
297	1.84	1.85	13.030	283.39	41.45	73.12		0	
298	1.85	1.86	8.870	236.16	12.77	104.06		0	
299	1.85	1.86	8.870	236.20	12.79	104.06		0	
300	1.85	1.86	8.840	236.35	12.83	104.06		0	
301	1.86	1.8600	16.530	225.47	23.59	22.50		0	
302	1.86	1.8600	16.540	225.43	23.57	22.50		0	
303	1.86	1.8600	16.560	225.18	23.45	22.50		0	
304	1.8600	1.87	12.290	284.00	59.71	7.03		0	
305	1.8600	1.87	12.280	284.08	59.82	7.03		0	
306	1.8600	1.87	12.280	284.09	59.79	7.03		0	
307	1.87	1.88	2.580	230.93	55.20	52.03		0	
308	1.87	1.88	2.580	231.17	55.21	50.62		0	
309	1.87	1.88	2.580	231.10	55.16	50.62		0	
310	1.88	1.89	4.830	273.97	50.09	336.09		0	
311	1.88	1.89	4.830	273.97	50.07	336.09		0	
312	1.88	1.89	4.820	274.22	50.16	334.69		0	
313	1.89	1.90	3.680	277.58	58.66	73.12		0	
314	1.89	1.90	3.680	277.49	58.60	73.12		0	
315	1.89	1.90	3.690	277.55	58.69	73.12		0	
316	1.90	1.91	7.030	265.02	39.14	75.94		0	
317	1.90	1.91	6.990	265.05	39.16	75.94		0	
318	1.90	1.91	7.030	265.03	39.16	75.94		0	
319	1.91	1.92	7.370	251.53	40.40	66.09		0	do kraty, przy wejsciu gdzie zwykle zaczepiona na kracie lina. Na wysokosci batinoxa, ok. 50 cm do osi otworu od niego.
320	1.91	1.92	7.370	251.56	40.38	67.50		0	
321	1.91	1.92	7.380	251.45	40.39	67.50		0	
322	1.93	1.92	4.370	86.36	21.28	337.50		0	
323	1.93	1.92	4.370	86.34	21.44	337.50		0	
324	1.93	1.92	4.370	86.33	21.40	337.50		0	
325	1.93	1.94	4.760	170.69	-45.18	30.94		0	
326	1.93	1.94	4.760	170.62	-45.24	30.94		0	
327	1.93	1.94	4.760	171.06	-45.06	32.34		0	
328	1.94	1.95	5.840	243.03	-38.78	12.66		0	
329	1.94	1.95	5.830	243.07	-38.67	12.66		0	
330	1.94	1.95	5.810	243.19	-38.78	14.06		0	
331	1.95	1.96	5.170	222.62	-46.26	1.41		0	
332	1.95	1.96	5.180	222.49	-46.29	1.41		0	
333	1.95	1.96	5.170	222.65	-46.27	1.41		0	
334	1.96	1.97	5.100	201.34	-41.69	312.19		0	
335	1.96	1.97	5.100	201.12	-41.78	310.78		0	
336	1.96	1.97	5.110	201.45	-41.67	310.78		0	
337	1.97	1.98	5.900	156.95	-40.01	77.34		0	
338	1.97	1.98	5.890	156.91	-40.02	77.34		0	
339	1.97	1.98	5.900	156.88	-40.04	77.34		0	
340	1.98	1.99	3.070	263.75	-30.50	354.38		0	
341	1.98	1.99	3.060	263.90	-30.40	354.38		0	
342	1.98	1.99	3.060	263.84	-30.38	354.38		0	
343	1.99	1.100	5.890	234.37	-48.42	11.25		0	
344	1.99	1.100	5.910	234.10	-48.30	11.25		0	
345	1.99	1.100	5.890	234.48	-48.22	11.25		0	
346	1.100	1.101	5.850	188.11	-38.88	345.94		0	
347	1.100	1.101	5.850	188.15	-38.88	345.94		0	
348	1.100	1.101	5.850	188.06	-38.88	345.94		0	
349	1.101	1.102	6.770	147.88	-34.60	45.00		0	
350	1.101	1.102	6.760	148.02	-34.60	45.00		0	
351	1.101	1.102	6.760	147.77	-34.59	45.00		0	
352	1.102	1.103	19.430	173.86	-34.63	52.03		0	
353	1.102	1.103	19.430	174.09	-34.66	52.03		0	
354	1.102	1.103	19.440	174.33	-34.69	52.03		0	
355	1.103	1.104	2.390	323.30	-3.08	350.16		0	
356	1.103	1.104	2.400	323.41	-3.03	350.16		0	
357	1.103	1.104	2.400	323.19	-3.08	350.16		0	
358	1.104	1.105	4.600	263.47	-41.07	32.34		0	
359	1.104	1.105	4.580	263.26	-41.07	32.34		0	
360	1.104	1.105	4.590	263.24	-41.11	33.75		0	
361	1.105	1.106	5.640	214.54	-29.33	23.91		0	
362	1.105	1.106	5.630	214.48	-29.44	23.91		0	
363	1.105	1.106	5.630	214.91	-29.44	25.31		0	
364	1.106	1.107	9.210	211.57	-31.84	326.25		0	
365	1.106	1.107	9.220	211.54	-31.81	326.25		0	
366	1.106	1.107	9.200	211.54	-31.73	326.25		0	
367	1.107	1.108	17.900	248.42	-40.29	9.84		0	
368	1.107	1.108	17.900	248.45	-40.24	8.44		0	
369	1.107	1.108	17.900	248.46	-40.33	8.44		0	
370	1.108	1.109	7.180	242.13	-41.39	1.41		0	
371	1.108	1.109	7.170	242.24	-41.28	1.41		0	
372	1.108	1.109	7.180	242.02	-41.38	1.41		0	
373	1.109	1.110	8.780	211.13	-35.91	352.97		0	
374	1.109	1.110	8.770	211.18	-35.91	351.56		0	
375	1.109	1.110	8.770	211.25	-35.80	351.56		0	
376	1.110	1.111	10.860	213.70	-35.36	47.81		0	
377	1.110	1.111	10.870	213.81	-35.29	47.81		0	
378	1.110	1.111	10.870	213.83	-35.26	47.81		0	
379	1.111	1.112	1.760	331.39	22.97	5.62		0	
380	1.111	1.112	1.760	331.23	23.03	5.62		0	
381	1.111	1.112	1.760	331.47	23.08	5.62		0	
382	1.112	1.11200	19.140	241.91	-36.97	97.03		0	
383	1.112	1.11200	19.120	242.11	-36.91	97.03		0	
384	1.112	1.11200	19.120	242.07	-37.02	97.03		0	
385	1.11200	1.113	3.160	157.30	-12.45	75.94		0	
386	1.11200	1.113	3.160	157.47	-12.44	75.94		0	
387	1.11200	1.113	3.160	157.46	-12.44	75.94		0	
388	1.113	1.114	1.270	279.94	58.62	322.03		0	
389	1.113	1.114	1.270	279.84	58.65	322.03		0	
390	1.113	1.114	1.270	279.98	58.56	322.03		0	
391	1.114	1.115	2.410	315.92	-55.16	317.81		0	
392	1.114	1.115	2.400	315.94	-55.26	317.81		0	
393	1.114	1.115	2.390	315.90	-55.27	317.81		0	
394	1.115	1.116	3.800	251.00	-6.58	2.81		0	
395	1.115	1.116	3.800	251.01	-6.52	2.81		0	
396	1.115	1.116	3.800	250.90	-6.60	2.81		0	
397	1.116	1.117	7.650	249.12	-36.45	316.41		0	
398	1.116	1.117	7.650	248.93	-36.54	316.41		0	
399	1.116	1.117	7.660	248.98	-36.43	316.41		0	
400	1.117	1.118	6.610	168.89	-37.46	74.53		0	
401	1.117	1.118	6.610	169.00	-37.44	74.53		0	
402	1.117	1.118	6.610	169.27	-37.30	74.53		0	
403	1.118	1.119	10.640	216.81	-33.14	355.78		0	
404	1.118	1.119	10.630	216.69	-33.17	355.78		0	
405	1.118	1.119	10.630	217.08	-33.12	355.78		0	
406	1.119	1.120	5.260	252.88	-41.23	334.69		0	
407	1.119	1.120	5.250	252.89	-41.24	336.09		0	
408	1.119	1.120	5.230	252.97	-41.26	337.50		0	
409	1.120	1.121	13.110	208.79	-35.24	337.50		0	
410	1.120	1.121	13.080	208.76	-35.29	337.50		0	
411	1.120	1.121	13.100	208.81	-35.22	336.09		0	
412	1.121	1.122	12.110	251.60	-36.58	355.78		0	
413	1.121	1.122	12.100	251.57	-36.50	355.78		0	
414	1.121	1.122	12.100	251.68	-36.58	355.78		0	
415	1.122	1.123	16.040	238.06	-34.41	345.94		0	
416	1.122	1.123	16.010	238.06	-34.58	345.94		0	
417	1.122	1.123	16.010	238.09	-34.51	345.94		0	
418	1.123	1.124	1.710	312.84	4.82	352.97		0	
419	1.123	1.124	1.710	312.89	4.84	354.38		0	
420	1.123	1.124	1.710	312.74	4.85	354.38		0	
421	1.124	1.125	4.920	258.05	-16.18	53.44		0	
422	1.124	1.125	4.930	257.98	-16.19	53.44		0	
423	1.124	1.125	4.920	257.87	-16.21	53.44		0	
424	1.125	1.126	4.940	209.33	-35.70	0.00		0	
425	1.125	1.126	4.940	209.22	-35.65	0.00		0	
426	1.125	1.126	4.940	208.94	-35.60	0.00		0	
427	1.126	1.127	4.910	238.09	-32.67	291.09		0	
428	1.126	1.127	4.910	238.21	-32.61	291.09		0	
429	1.126	1.127	4.910	238.45	-32.53	291.09		0	
430	1.127	1.128	2.490	234.35	-30.00	84.38		0	
431	1.127	1.128	2.490	234.37	-30.01	84.38		0	
432	1.127	1.128	2.490	234.21	-30.05	84.38		0	
433	1.128	1.129	6.840	277.29	-20.29	334.69		0	
434	1.128	1.129	6.810	277.01	-20.39	336.09		0	
435	1.128	1.129	6.800	277.18	-20.33	336.09		0	
436	1.129	1.130	9.620	238.89	-29.90	115.31		0	
437	1.129	1.130	9.620	238.83	-29.82	115.31		0	
438	1.129	1.130	9.610	238.89	-29.94	115.31		0	
439	1.130	1.131	10.860	245.10	-33.62	119.53		0	
440	1.130	1.131	10.860	245.24	-33.65	119.53		0	
441	1.130	1.131	10.850	245.14	-33.65	119.53		0	
442	1.131	1.132	6.710	221.80	-35.08	352.97		0	
443	1.131	1.132	6.690	221.84	-35.04	352.97		0	
444	1.131	1.132	6.710	221.95	-35.02	351.56		0	
445	1.132	1.133	3.840	244.97	-28.88	355.78		0	
446	1.132	1.133	3.840	244.97	-28.83	355.78		0	
447	1.132	1.133	3.800	245.03	-28.90	355.78		0	
448	1.133	1.134	6.820	254.14	-26.49	88.59		0	
449	1.133	1.134	6.810	254.14	-26.49	88.59		0	
450	1.133	1.134	6.810	254.04	-26.52	87.19		0	
451	1.134	1.135	5.750	179.96	-23.92	82.97		0	
452	1.134	1.135	5.750	180.03	-23.96	82.97		0	
453	1.134	1.135	5.750	180.09	-23.92	82.97		0	
454	1.135	1.136	5.080	211.61	-40.35	0.00		0	
455	1.135	1.136	5.060	211.57	-40.24	0.00		0	
456	1.135	1.136	5.070	211.61	-40.23	358.59		0	
457	1.136	1.137	5.940	211.03	-26.32	19.69		0	
458	1.136	1.137	5.930	211.01	-26.33	21.09		0	
459	1.136	1.137	5.930	211.02	-26.33	21.09		0	
460	1.137	1.138	8.160	227.66	-31.57	350.16		0	
461	1.137	1.138	8.160	227.72	-31.64	350.16		0	
462	1.137	1.138	8.160	227.98	-31.53	350.16		0	
463	1.138	1.139	10.370	234.29	-31.84	340.31		0	
464	1.138	1.139	10.370	234.40	-31.85	340.31		0	
465	1.138	1.139	10.360	234.30	-31.87	338.91		0	
466	1.139	1.140	6.590	195.74	-28.43	323.44		0	
467	1.139	1.140	6.590	195.49	-28.36	324.84		0	
468	1.139	1.140	6.590	195.80	-28.39	324.84		0	
469	1.140	1.141	30.060	224.03	-32.90	343.12		0	
470	1.140	1.141	30.060	223.96	-32.91	341.72		0	
471	1.140	1.141	30.070	224.13	-32.91	341.72		0	
472	1.141	1.142	11.060	259.95	-24.54	5.62		0	
473	1.141	1.142	11.050	259.73	-24.65	5.62		0	
474	1.141	1.142	11.050	259.89	-24.52	5.62		0	
475	1.142	1.143	18.510	253.91	-25.47	1.41		0	
476	1.142	1.143	18.510	253.81	-25.41	1.41		0	
477	1.142	1.143	18.520	253.84	-25.35	1.41		0	
478	1.143	1.144	15.840	220.48	-29.23	344.53		0	
479	1.143	1.144	15.850	220.71	-29.15	344.53		0	
480	1.143	1.144	15.830	220.53	-29.04	344.53		0	
481	1.144	1.145	13.520	278.62	-19.58	354.38		0	
482	1.144	1.145	13.530	278.66	-19.53	354.38		0	
483	1.144	1.145	13.520	278.66	-19.48	354.38		0	
484	1.145	1.146	18.550	275.89	-22.40	355.78		0	
485	1.145	1.146	18.560	275.86	-22.42	355.78		0	
486	1.145	1.146	18.560	275.89	-22.47	355.78		0	
487	1.146	1.147	8.670	278.61	-19.06	16.88		0	
488	1.146	1.147	8.660	278.62	-19.04	16.88		0	
489	1.146	1.147	8.700	278.87	-19.07	16.88		0	
490	1.147	1.148	8.430	252.19	-25.43	313.59		0	
491	1.147	1.148	8.440	252.02	-25.48	313.59		0	
492	1.147	1.148	8.440	252.25	-25.41	313.59		0	
493	1.148	1.149	9.930	266.03	-25.81	343.12		0	
494	1.148	1.149	9.930	266.11	-25.74	343.12		0	
495	1.148	1.149	9.930	265.92	-25.79	343.12		0	
496	1.149	1.150	6.310	291.15	-15.10	358.59		0	
497	1.149	1.150	6.310	291.33	-15.01	358.59		0	
498	1.149	1.150	6.320	291.18	-15.08	357.19		0	
499	1.150	1.151	7.160	236.51	-29.73	95.62		0	
500	1.150	1.151	7.170	236.71	-29.69	95.62		0	
501	1.150	1.151	7.150	236.54	-29.77	95.62		0	
502	1.151	1.152	1.980	321.08	-22.97	12.66		0	
503	1.151	1.152	1.990	321.36	-22.78	12.66		0	
504	1.151	1.152	2.000	321.20	-22.76	12.66		0	
505	1.152	1.153	2.280	257.99	-20.73	60.47		0	
506	1.152	1.153	2.280	258.10	-20.65	60.47		0	
507	1.152	1.153	2.280	258.06	-20.68	60.47		0	
508	1.153	1.154	5.900	231.52	-23.18	7.03		0	
509	1.153	1.154	5.900	231.67	-23.12	7.03		0	
510	1.153	1.154	5.890	231.56	-23.07	7.03		0	
511	1.154	1.155	8.020	226.55	-26.75	329.06		0	
512	1.154	1.155	8.020	226.53	-26.79	329.06		0	
513	1.154	1.155	8.020	226.52	-26.89	330.47		0	
514	1.155	1.156	9.340	230.32	-16.87	45.00		0	
515	1.155	1.156	9.350	230.40	-16.81	45.00		0	
516	1.155	1.156	9.340	230.45	-16.78	45.00		0	
517	1.156	1.15600	2.290	282.61	-17.36	119.53		0	
518	1.156	1.15600	2.280	282.41	-17.27	119.53		0	
519	1.156	1.15600	2.280	282.57	-17.18	119.53		0	
520	1.15600	1.157	4.480	299.45	-16.91	132.19		0	
521	1.15600	1.157	4.480	299.72	-16.64	132.19		0	
522	1.15600	1.157	4.490	299.79	-16.63	132.19		0	
523	1.157	1.158	4.110	262.97	-18.77	85.78		0	
524	1.157	1.158	4.090	262.92	-18.86	85.78		0	
525	1.157	1.158	4.090	263.24	-18.73	87.19		0	
526	1.158	1.159	4.890	252.97	-22.81	129.38		0	
527	1.158	1.159	4.900	253.03	-22.75	129.38		0	
528	1.158	1.159	4.880	253.13	-22.84	129.38		0	
529	1.159	1.160	5.190	253.90	-30.62	119.53		0	
530	1.159	1.160	5.170	253.69	-30.71	118.12		0	
531	1.159	1.160	5.160	253.57	-30.73	118.12		0	
532	1.160	1.161	6.910	249.70	-24.71	26.72		0	
533	1.160	1.161	6.900	249.79	-24.75	26.72		0	
534	1.160	1.161	6.900	249.79	-24.75	26.72		0	
535	1.161	1.162	6.500	294.86	-16.48	11.25		0	
536	1.161	1.162	6.480	295.32	-16.50	12.66		0	
537	1.161	1.162	6.480	295.20	-16.58	14.06		0	
538	1.162	1.163	7.780	273.31	-23.27	54.84		0	
539	1.162	1.163	7.770	273.18	-23.27	54.84		0	
540	1.162	1.163	7.770	273.24	-23.33	54.84		0	
541	1.163	1.164	17.380	284.20	-18.81	40.78		0	
542	1.163	1.164	17.380	284.00	-18.93	40.78		0	
543	1.163	1.164	17.420	284.62	-18.81	40.78		0	
544	1.164	1.16400	10.340	286.69	-22.40	98.44		0	
545	1.164	1.16400	10.320	286.50	-22.44	97.03		0	
546	1.164	1.16400	10.330	286.55	-22.45	97.03		0	
547	1.16400	1.165	33.550	313.30	-13.96	338.91		0	
548	1.16400	1.165	33.530	313.37	-13.98	338.91		0	
549	1.16400	1.165	33.500	313.18	-14.00	338.91		0	
550	1.165	1.166	4.930	161.13	-8.87	47.81		0	
551	1.165	1.166	4.930	160.89	-8.97	47.81		0	
552	1.165	1.166	4.910	160.55	-8.84	46.41		0	
553	1.166	1.167	1.600	296.58	-12.12	4.22		0	
554	1.166	1.167	1.600	296.66	-11.96	4.22		0	
555	1.166	1.167	1.590	296.78	-11.94	5.62		0	
556	1.167	1.168	4.420	289.84	-17.44	340.31		0	
557	1.167	1.168	4.410	289.66	-17.37	341.72		0	
558	1.167	1.168	4.410	289.73	-17.32	340.31		0	
559	1.168	1.169	7.740	298.11	-32.25	119.53		0	
560	1.168	1.169	7.730	297.98	-32.32	119.53		0	
561	1.168	1.169	7.730	297.97	-32.22	119.53		0	
562	1.169	1.170	8.450	306.19	-26.79	53.44		0	
563	1.169	1.170	8.440	306.44	-26.76	53.44		0	
564	1.169	1.170	8.450	306.44	-26.66	53.44		0	
565	1.170	1.171	10.970	283.73	-8.71	94.22		0	
566	1.170	1.171	10.980	283.97	-8.62	94.22		0	
567	1.170	1.171	10.950	283.97	-8.67	94.22		0	
568	1.171	1.172	3.350	292.41	-11.38	109.69		0	
569	1.171	1.172	3.350	292.52	-11.01	108.28		0	
570	1.171	1.172	3.350	292.30	-11.21	108.28		0	
571	1.172	1.17200	8.840	294.07	-3.52	341.72		0	
572	1.172	1.17200	8.840	294.15	-3.33	341.72		0	
573	1.172	1.17200	8.840	294.12	-3.44	341.72		0	
574	1.17200	1.173	27.120	295.91	-7.65	354.38		0	
575	1.17200	1.173	27.110	295.90	-7.72	354.38		0	
576	1.17200	1.173	27.100	295.66	-7.70	354.38		0	
577	1.173	1.174	19.990	28.94	-0.87	2.81		0	
578	1.173	1.174	19.990	29.03	-0.87	2.81		0	
579	1.173	1.174	19.990	28.99	-0.85	2.81		0	
580	1.174	1.175	32.690	4.70	-0.39	1.41		0	
581	1.174	1.175	32.680	4.76	-0.37	1.41		0	
582	1.174	1.175	32.660	4.81	-0.31	1.41		0	
583	1.175	1.176	5.320	50.05	-15.97	282.66		0	
584	1.175	1.176	5.350	50.05	-15.87	282.66		0	
585	1.175	1.176	5.350	50.09	-15.91	282.66		0	
586	1.176	1.177	10.400	6.81	-6.20	324.84		0	
587	1.176	1.177	10.410	6.77	-6.14	324.84		0	
588	1.176	1.177	10.400	6.76	-6.16	324.84		0	
589	1.177	1.17700	27.660	39.15	3.91	16.88		0	
590	1.177	1.17700	27.670	39.40	3.66	18.28		0	
591	1.177	1.17700	27.670	39.34	3.70	18.28		0	
592	1.17700	1.17701	2.670	333.08	-0.83	104.06		0	
593	1.17700	1.17701	2.670	333.08	-0.88	104.06		0	
594	1.17700	1.17701	2.670	333.18	-0.84	102.66		0	
595	1.17701	1.178	16.750	344.23	-8.99	296.72		0	
596	1.17701	1.178	16.750	344.47	-9.00	296.72		0	
597	1.17701	1.178	16.720	344.43	-8.97	296.72		0	
598	1.178	1.17800	9.730	2.36	6.50	348.75		0	
599	1.178	1.17800	9.730	2.41	6.49	348.75		0	
600	1.178	1.17800	9.730	2.30	6.50	348.75		0	
601	1.17800	1.179	22.140	336.57	-4.40	32.34		0	
602	1.17800	1.179	22.150	336.49	-4.40	30.94		0	
603	1.17800	1.179	22.140	336.57	-4.50	30.94		0	
604	1.179	1.180	7.550	335.09	6.47	343.12		0	
605	1.179	1.180	7.560	335.14	6.44	343.12		0	
606	1.179	1.180	7.550	335.35	6.43	343.12		0	
607	1.180	1.18000	16.070	1.73	-6.43	313.59		0	
608	1.180	1.18000	16.070	1.77	-6.40	313.59		0	
609	1.180	1.18000	16.070	1.84	-6.54	313.59		0	
610	1.18000	1.181	14.290	5.29	7.98	7.03		0	
611	1.18000	1.181	14.330	5.36	7.93	7.03		0	
612	1.18000	1.181	14.330	5.53	7.99	7.03		0	
613	1.181	1.18100	25.220	1.21	-7.27	106.88		0	
614	1.181	1.18100	25.220	1.54	-7.44	106.88		0	
615	1.181	1.18100	25.220	0.85	-7.37	120.94		0	
616	1.18100	1.182	12.980	14.19	-0.85	4.22		0	
617	1.18100	1.182	12.970	14.13	-0.88	4.22		0	
618	1.18100	1.182	12.980	14.13	-0.85	4.22		0	
619	1.182	1.183	36.880	20.03	-0.80	8.44		0	
620	1.182	1.183	36.890	20.00	-0.99	8.44		0	
621	1.182	1.183	36.870	19.95	-0.91	8.44		0	
622	1.183	1.184	13.510	45.84	3.91	279.84		0	
623	1.183	1.184	13.500	45.98	3.81	279.84		0	
624	1.183	1.184	13.500	45.87	3.91	279.84		0	
625	1.184	1.185	8.470	327.24	-20.33	77.34		0	
626	1.184	1.185	8.500	327.37	-20.24	77.34		0	
627	1.184	1.185	8.500	327.13	-20.34	77.34		0	
628	1.185	1.186	17.010	7.09	3.39	5.62		0	
629	1.185	1.186	17.000	7.20	3.37	5.62		0	
630	1.185	1.186	16.990	7.08	3.44	5.62		0	
631	1.186	1.187	44.220	19.15	-2.13	289.69		0	
632	1.186	1.187	44.210	19.06	-2.02	289.69		0	
633	1.186	1.187	44.220	19.17	-2.19	289.69		0	
634	1.187	1.188	6.470	285.50	-1.50	164.53		0	
635	1.187	1.188	6.470	285.42	-1.47	164.53		0	
636	1.187	1.188	6.470	285.53	-1.36	164.53		0	
637	1.188	1.189	13.240	28.22	-8.14	270.00		0	
638	1.188	1.189	13.250	28.25	-8.09	268.59		0	
639	1.188	1.189	13.280	28.15	-8.14	268.59		0	
640	1.189	1.190	25.760	15.54	1.50	7.03		0	
641	1.189	1.190	25.770	15.49	1.50	7.03		0	
642	1.189	1.190	25.770	15.74	1.57	5.62		0	
643	1.190	1.191	21.830	354.49	-4.45	68.91		0	
644	1.190	1.191	21.820	354.30	-4.48	68.91		0	
645	1.190	1.191	21.820	354.35	-4.51	68.91		0	
646	1.191	1.19100	11.870	48.93	1.74	354.38		0	
647	1.191	1.19100	11.870	48.75	1.58	354.38		0	
648	1.191	1.19100	11.870	48.76	1.58	354.38		0	
649	1.19100	1.192	17.240	2.18	-1.17	46.41		0	
650	1.19100	1.192	17.250	2.13	-1.27	46.41		0	
651	1.19100	1.192	17.260	2.35	-1.25	46.41		0	
652	1.192	1.193	16.230	20.84	2.06	322.03		0	
653	1.192	1.193	16.220	20.96	2.06	322.03		0	
654	1.192	1.193	16.230	20.85	2.07	320.62		0	
655	1.193	1.194	21.150	8.39	-1.12	2.81		0	
656	1.193	1.194	21.200	8.34	-1.12	1.41		0	
657	1.193	1.194	21.160	8.38	-1.05	1.41		0	
658	1.194	1.195	15.790	14.17	-1.51	0.00		0	
659	1.194	1.195	15.810	14.13	-1.47	358.59		0	
660	1.194	1.195	15.800	14.17	-1.46	358.59		0	
661	1.195	1.196	11.530	326.99	-11.44	97.03		0	
662	1.195	1.196	11.530	327.26	-11.43	97.03		0	
663	1.195	1.196	11.540	327.16	-11.43	98.44		0	
664	1.196	1.197	12.670	12.57	6.36	340.31		0	
665	1.196	1.197	12.670	12.56	6.38	340.31		0	
666	1.196	1.197	12.670	12.72	6.41	340.31		0	
667	1.197	1.19700	11.010	332.28	-11.38	189.84		0	
668	1.197	1.19700	11.030	332.18	-11.35	189.84		0	
669	1.197	1.19700	11.030	332.17	-11.32	189.84		0	
670	1.19700	1.198	21.840	341.30	-0.91	357.19		0	
671	1.19700	1.198	21.840	341.30	-0.94	357.19		0	
672	1.19700	1.198	21.840	341.24	-0.85	357.19		0	
673	1.198	1.19800	23.770	347.46	-3.36	19.69		0	
674	1.198	1.19800	23.750	347.49	-3.41	19.69		0	
675	1.198	1.19800	23.760	347.56	-3.35	18.28		0	
676	1.19800	1.199	17.460	343.62	-2.28	352.97		0	
677	1.19800	1.199	17.460	343.64	-2.22	352.97		0	
678	1.19800	1.199	17.460	343.58	-2.28	352.97		0	
679	1.199	1.200	48.370	4.09	9.51	5.62		0	
680	1.199	1.200	48.350	4.28	9.40	5.62		0	
681	1.199	1.200	48.350	4.28	9.38	5.62		0	
682	1.200	1.201	0.560	89.43	27.48	56.25		0	
683	1.200	1.201	0.550	88.73	27.88	54.84		0	
684	1.200	1.201	0.550	88.28	28.39	54.84		0	
685	1.201	1.202	13.020	94.75	23.58	115.31		0	
686	1.201	1.202	13.010	94.84	23.57	115.31		0	
687	1.201	1.202	13.010	94.70	23.54	116.72		0	
688	1.202	1.20200	7.580	120.23	25.90	348.75		0	
689	1.202	1.20200	7.570	120.57	25.87	348.75		0	
690	1.202	1.20200	7.590	120.43	25.88	348.75		0	
691	1.20200	1.203	4.310	90.94	36.27	95.62		0	
692	1.20200	1.203	4.310	91.07	36.21	95.62		0	
693	1.20200	1.203	4.300	90.98	36.18	95.62		0	
694	1.203	1.204	11.840	111.29	22.29	105.47		0	
695	1.203	1.204	11.830	111.12	22.33	105.47		0	
696	1.203	1.204	11.830	111.13	22.34	105.47		0	
697	1.204	1.205	6.440	132.07	22.96	345.94		0	
698	1.204	1.205	6.440	132.11	22.97	345.94		0	
699	1.204	1.205	6.450	131.97	23.02	345.94		0	
700	1.205	1.206	5.330	19.09	14.92	1.41		0	
701	1.205	1.206	5.320	19.14	14.98	0.00		0	
702	1.205	1.206	5.320	19.23	15.08	0.00		0	
703	1.206	1.207	12.480	352.12	23.41	18.28		0	
704	1.206	1.207	12.470	352.34	23.45	18.28		0	
705	1.206	1.207	12.480	352.28	23.46	18.28		0	
706	1.207	1.208	15.820	356.33	26.32	61.88		0	
707	1.207	1.208	15.840	356.33	26.25	61.88		0	
708	1.207	1.208	15.830	356.42	26.21	61.88		0	
709	1.208	1.20800	20.790	22.81	29.33	317.81		0	
710	1.208	1.20800	20.790	23.01	29.34	317.81		0	
711	1.208	1.20800	20.790	22.94	29.35	317.81		0	
712	1.20800	1.209	6.750	317.35	-10.03	196.88		0	
713	1.20800	1.209	6.750	317.38	-9.99	196.88		0	
714	1.20800	1.209	6.750	317.20	-9.96	196.88		0	
715	1.209	1.210	6.250	41.73	26.64	2.81		0	
716	1.209	1.210	6.230	41.76	26.58	2.81		0	
717	1.209	1.210	6.230	41.67	26.55	2.81		0	
718	1.210	1.211	11.100	5.96	19.12	15.47		0	
719	1.210	1.211	11.120	5.98	19.06	15.47		0	
720	1.210	1.211	11.150	5.86	19.06	15.47		0	
721	1.211	1.212	18.180	355.36	15.53	47.81		0	
722	1.211	1.212	18.180	355.20	15.49	47.81		0	
723	1.211	1.212	18.180	355.55	15.57	47.81		0	
724	1.212	1.21200	12.610	22.02	26.76	291.09		0	
725	1.212	1.21200	12.610	21.79	26.79	291.09		0	
726	1.212	1.21200	12.600	21.78	26.79	291.09		0	
727	1.21200	1.213	13.530	27.49	41.09	336.09		0	
728	1.21200	1.213	13.560	27.33	41.28	336.09		0	
729	1.21200	1.213	13.580	27.21	41.28	337.50		0	
730	1.213	1.214	13.040	69.60	36.70	126.56		0	
731	1.213	1.214	13.020	69.55	36.73	126.56		0	
732	1.213	1.214	13.050	69.61	36.72	126.56		0	
733	1.214	1.215	8.260	124.54	25.54	99.84		0	
734	1.214	1.215	8.270	124.52	25.53	99.84		0	
735	1.214	1.215	8.270	124.60	25.55	99.84		0	
736	1.215	1.216	8.220	19.61	20.51	156.09		0	
737	1.215	1.216	8.220	19.73	20.52	156.09		0	
738	1.215	1.216	8.230	19.65	20.59	156.09		0	
739	1.216	1.21600	6.820	56.48	38.69	4.22		0	
740	1.216	1.21600	6.820	56.32	38.83	4.22		0	
741	1.216	1.21600	6.830	56.41	38.74	4.22		0	
742	1.21600	1.217	18.720	51.27	30.58	333.28		0	
743	1.21600	1.217	18.710	51.40	30.49	333.28		0	
744	1.21600	1.217	18.710	51.44	30.51	333.28		0	
745	1.217	1.218	20.880	51.11	5.76	358.59		0	
746	1.217	1.218	20.880	51.22	5.70	357.19		0	
747	1.217	1.218	20.880	51.29	5.78	357.19		0	
748	1.218	1.219	10.540	35.43	16.99	8.44		0	
749	1.218	1.219	10.550	35.32	16.87	8.44		0	
750	1.218	1.219	10.520	35.33	16.81	8.44		0	
751	1.219	1.220	15.620	181.57	13.47	282.66		0	
752	1.219	1.220	15.660	181.54	13.57	284.06		0	
753	1.219	1.220	15.640	181.71	13.56	284.06		0	
754	1.220	1.221	12.680	96.25	20.63	232.03		0	otwor Zimnej, strop nad otworem, okolo polowy szerokosci
755	1.220	1.221	12.640	96.32	20.77	232.03		0	
756	1.220	1.221	12.750	96.43	20.86	232.03		0	