Gorickovaim   (m, 360)

[1]: 2012/01/12     0.00  


     1.0                   0.000    0.00    0.00         
     1.0                   2.920  257.82   87.87  [1]    
     1.0                   6.820  287.31   87.59  [1]    
     1.0                   6.800    0.29  -21.32  [1]    
     1.0                   7.040   76.26   -2.46  [1]    
     1.0                   2.590  224.45   26.74  [1]    
     1.0                   4.040   51.84  -28.33  [1]    
     1.0                   4.110  118.04    1.84  [1]    
     1.0                   5.580   13.35   82.08  [1]    
     1.0                   5.860  321.81    0.01  [1]    
     1.0                  12.460  145.65  -88.68  [1]    
     1.0                   7.330   25.08   49.93  [1]    
     1.0                   7.320   25.20   49.19  [1]    
     1.0                   3.290  257.56    4.40  [1]    
     1.0                   1.560  335.18    3.03  [1]    
     1.0                   1.660  187.86    8.61  [1]    
     1.0                   3.319  230.54  -84.85  [1]    
     1.0                   1.588  312.64   88.83  [1]    
     1.0                   8.431  356.03   84.01  [1]    
     1.0                   2.457  344.51    1.72  [1]    
     1.0                   4.177  122.90   32.98  [1]    
     1.0                   0.636  223.96  -46.54  [1]    
     1.0                   4.203  122.92   32.89  [1]    
     1.0                   4.165  122.84   33.03  [1]    
     1.0                   2.217  164.43  -83.80  [1]    
     1.0                   1.438   33.24   -2.01  [1]    
     1.0                   1.822  121.90    4.92  [1]    
     1.0                   1.711   61.75   -6.71  [1]    
     1.0                   7.752  242.80   89.40  [1]    
     1.0                   7.747  254.51   89.46  [1]    
     1.0                   2.179   95.20    7.14  [1]    
     1.0                   2.544  181.22  -31.37  [1]    
     1.0                   2.072  263.36  -44.98  [1]    
     1.0                   4.173   57.60  -28.73  [1]    
     1.0                   3.066   79.93    1.49  [1]    
     1.0                   3.386   81.56   -0.51  [1]    
     1.0                   4.675   38.77    6.66  [1]    
     1.0                   1.292  243.34   87.36  [1]    
     1.0                   6.952  226.66   34.18  [1]    
     1.0                   4.212  124.80  -87.38  [1]    
     1.0                   1.128  114.82    8.61  [1]    
     1.0                   1.757  318.82    7.16  [1]    
     1.0                   1.566   85.13   25.54  [1]    
     1.0                   3.299   16.94    5.28  [1]    
     1.0                   4.609   59.10  -68.00  [1]    
     1.0                   2.729  211.06   10.57  [1]    
     1.0                   4.325   27.92    1.65  [1]    
     1.0                   3.528   30.24    1.68  [1]    
     1.0                   5.302   19.11    0.21  [1]    
     1.0                   0.591  287.70   -6.59  [1]    
     1.0                   1.662  254.35    8.26  [1]    
     1.0                   4.967  298.89   82.11  [1]    
     1.0                   7.575    0.95  -89.80  [1]    
     1.0                   1.378  241.02   21.21  [1]    
     1.0                   4.012   25.81   -2.92  [1]    
     1.0                   4.248  300.84  -31.22  [1]    
     1.0                   2.387  185.29  -86.81  [1]    
     1.0                   2.842  218.74   -0.01  [1]    
     1.0                   1.704  355.92   10.87  [1]    
     1.0                   3.298  208.70    0.18  [1]    
     1.0                   4.701   51.63   43.18  [1]    
     1.0                   4.985  165.16    2.81  [1]    
     1.0                   4.931  216.56  -18.15  [1]    
     1.0                   2.722  263.37  -37.88  [1]    
     1.0                   7.794   51.89   56.85  [1]    
     1.0                   6.831  196.24   -9.44  [1]    
     1.0                   1.563  272.35  -73.95  [1]    
     1.0                   3.623  117.16   34.35  [1]    
     1.0                   2.317  117.50   31.56  [1]    
     1.0                   1.759  232.28   -0.62  [1]    
     1.0                   0.956  181.69   12.19  [1]    
     1.0                   4.749  188.05   -0.48  [1]    
     1.0                   6.260  307.74  -44.30  [1]    
     1.0                  12.361  324.17   84.53  [1]    
     1.0                   1.698   56.68    3.57  [1]    
     1.0                   3.154  147.75  -22.68  [1]    
     1.0                   4.077  320.65   84.19  [1]    
     1.0                   2.883  152.11   14.31  [1]    
     1.0                   8.518  335.43   23.63  [1]    
     1.0                   2.952   21.45   82.12  [1]    
     1.0                   4.374   74.87    8.14  [1]    
     1.0                   5.117  252.56    3.61  [1]    
     1.0                   6.671  110.01   30.67  [1]    
     1.0                   6.657  109.96   30.64  [1]    
     1.0                   1.950   23.87   -0.91  [1]    
     1.0                   2.472   52.81   46.09  [1]    
     1.0                   1.380  126.36   -1.38  [1]    
     1.0                   2.830   51.74   12.79  [1]    
     1.0                   7.950   23.63   32.79  [1]    
     1.0                   1.947    8.97  -20.01  [1]    
     1.0                   1.896  311.92  -41.12  [1]    
     1.0                   5.112  133.64   16.46  [1]    
     1.0                   5.412   26.11   37.46  [1]    
     1.0                   6.077   11.39   20.46  [1]    
     1.0                   4.232  208.23  -13.98  [1]    
     1.0                   7.818  293.14   16.52  [1]    
     1.0                   2.537   42.06   83.96  [1]    
     1.0                   6.286  155.08    6.30  [1]    
     1.0                   4.543  239.90  -19.78  [1]    
     1.0                   4.948   94.33   -1.36  [1]    
     1.0                   2.521  171.27  -36.59  [1]    
     1.0                   2.551  229.33   86.59  [1]    
     1.0                   2.311  295.26    8.03  [1]    
     1.0                   4.035  307.70   24.41  [1]    
     1.0                   4.075  159.89    1.99  [1]    
     1.0                   8.068  222.38  -18.06  [1]    
     1.0                   7.955  196.39  -30.75  [1]    
     1.0                   3.009  123.74  -10.52  [1]    
     1.0                   5.447  133.03   -7.98  [1]    
     1.0                   2.604  114.57   -1.99  [1]    
     1.0                   1.453  276.92   -7.32  [1]    
     1.0                   3.933  318.51   21.32  [1]    
     1.0                   5.926   75.10   11.55  [1]    
     1.0                   1.739  167.05  -38.30  [1]    
     1.0                   3.291  185.22   -6.90  [1]    
     1.0                   2.187  259.70  -45.87  [1]    
     1.0                   1.662   33.72  -45.47  [1]    
     1.0                   1.337   68.48  -44.19  [1]    
     1.0                   2.036  272.30  -73.90  [1]    
     1.0                   6.884   41.95    6.65  [1]    
     1.0                   3.525   29.61   25.71  [1]    
     1.0                   2.212  322.53   87.67  [1]    
     1.0                   2.067  355.47  -28.71  [1]    
     1.0                   2.074  355.67  -29.19  [1]    
     1.0                   2.069  343.14    1.02  [1]    
     1.0                   2.689   48.30    3.75  [1]    
     1.0                   2.129   52.41   42.97  [1]    
     1.0                   3.596   12.88    7.29  [1]    
     1.0                   1.959  275.59    9.39  [1]    
     1.0                   2.533  350.33    4.74  [1]    
     1.0                   3.888   45.73  -34.85  [1]    
     1.0                   3.398  194.57  -87.71  [1]    
     1.0                   4.215   68.46   28.47  [1]    
     1.0                   3.922  203.79   -3.98  [1]    
     1.0                   3.866  204.91   -4.02  [1]    
     1.0                   3.658  166.94   -1.61  [1]    
     1.0                   3.546  249.59   -7.29  [1]    
     1.0                   1.084  116.24   -2.98  [1]    
     1.0                   1.478  137.73   35.89  [1]    
     1.0                   1.955  128.98  -44.23  [1]    
     1.0                   3.628   31.09   15.41  [1]    
     1.0                   1.218  287.37   62.53  [1]    
     1.0                   3.103  348.43   16.78  [1]    
     1.0                   7.862  211.98    2.35  [1]    
     1.0                   7.882  211.73    2.02  [1]    
     1.0                   2.975  189.82  -55.94  [1]    
     1.0                   4.697  215.54  -12.07  [1]    
     1.0                   2.766  240.32   87.97  [1]    
     1.0                   2.054  276.99  -27.21  [1]    
     1.0                   3.150  205.36  -17.48  [1]    
     1.0                   3.149  205.22  -17.76  [1]    
     1.0                   1.455  271.43   85.45  [1]    
     1.0                   1.302  198.21    3.17  [1]    
     1.0         1.1       4.463  329.22    1.41  [1]    
     1.0         1.1       4.452  329.77    1.63  [1]    
     1.0         1.1       4.446  329.40    1.65  [1]    
     1.1                   0.551   57.13  -89.07  [1]    
     1.1                   0.933  178.32   10.82  [1]    
     1.1                   1.460  203.34    7.20  [1]    
     1.1                   1.395  181.38   10.54  [1]    
     1.1         1.2       4.304  169.15   -0.69  [1]    
     1.1         1.2       4.294  169.34   -0.59  [1]    
     1.1         1.2       4.292  169.01   -0.80  [1]    
     1.2         1.3       4.306  169.39   -0.35  [1]    
     1.2         1.3       4.303  169.23   -0.74  [1]    
     1.2         1.3       4.299  169.46   -0.51  [1]    
     1.3                   2.187  100.60    2.41  [1]    
     1.3                   4.720   29.54    3.17  [1]    
     1.3                   5.201   28.05    4.42  [1]    
     1.3                   2.628  226.66   89.21  [1]    
     1.3                   3.401  256.99   29.89  [1]    
     1.3                   1.096  190.06    9.15  [1]    
     1.3                   1.986  204.58   81.51  [1]    
     1.3                   5.381  330.95   -8.32  [1]    
     1.3                   3.656  337.84   -9.03  [1]    
     1.3                   3.178  275.26   13.40  [1]    
     1.3                   2.015  344.67  -16.57  [1]    
     1.3                   4.435  107.43   -0.31  [1]    
     1.3                   1.828  138.99   31.33  [1]    
     1.3                   2.505    7.25   46.58  [1]    
     1.3                   0.770   80.72   -0.88  [1]    
     1.3                   0.595  349.24  -81.60  [1]    
     1.3                   2.162    1.25   17.94  [1]    
     1.3                   1.806  245.99   17.55  [1]    
     1.3                   1.723  200.51   23.68  [1]    
     1.3                   0.964  345.03   16.66  [1]    
     1.3                   1.459   72.64   -2.08  [1]    
     1.3                   2.732  317.74   -2.47  [1]    
     1.3                   2.581   13.34  -18.45  [1]    
     1.3                   3.008  185.29   38.95  [1]    
     1.3                   2.242  179.40   -2.72  [1]    
     1.3                   0.816   33.85    6.04  [1]    
     1.3                   1.407   93.87   10.88  [1]    
     1.3                  23.902   92.70   11.91  [1]    
     1.3                   1.407   92.81   11.79  [1]    
     1.3                   2.124  139.72   17.66  [1]    
     1.3                   3.041   92.21  -18.67  [1]    
     1.3                   2.298  202.40   -0.69  [1]    
     1.3                   2.367  202.45   -0.49  [1]    
     1.3                   1.099  102.08    5.78  [1]    
     1.3                   1.343   56.54   75.58  [1]    
     1.3                   0.768  190.05  -73.57  [1]    
     1.3                   1.794  144.57   37.99  [1]    
     1.3                   1.308  279.15    3.44  [1]    
     1.3                   1.286  244.90   -1.40  [1]    
     1.3                   3.460  187.41   29.46  [1]    
     1.3                   3.182   50.58  -36.18  [1]    
     1.3                   1.861   32.13  -23.33  [1]    
     1.3                   1.308  113.34   -6.16  [1]    
     1.3                   1.039   24.96   62.25  [1]    
     1.3                   0.777  241.05    5.06  [1]    
     1.3                   3.004  298.49  -13.06  [1]    
     1.3                   0.657   66.24   -7.54  [1]    
     1.3                   2.143  204.75  -14.04  [1]    
     1.3                   3.336  251.53  -12.00  [1]    
     1.3                   0.601  316.31    6.44  [1]    
     1.3                   3.044   40.56  -12.77  [1]    
     1.3                   0.645  279.88    3.11  [1]    
     1.3                   0.981  183.67    7.41  [1]    
     1.3                   0.762  162.95   82.62  [1]    
     1.3                   0.397  225.41  -85.19  [1]    
     1.3                   2.864   32.98   60.94  [1]    
     1.3                   4.301  122.95  -12.24  [1]    
     1.3                   2.954  346.20   82.70  [1]    
     1.3                   1.436  325.64   76.98  [1]    
     1.3                   1.128   25.70   -2.73  [1]    
     1.3                   1.462    8.56   -3.46  [1]    
     1.3                   0.937  261.38   63.56  [1]    
     1.3                   2.118  137.63   18.32  [1]    
     1.3                   2.110  136.94   17.88  [1]    
     1.3                   2.428   92.52   -8.33  [1]    
     1.3                   2.464   92.21   -8.22  [1]    
     1.3                   2.756  215.36   41.38  [1]    
     1.3                   0.710  150.46   29.89  [1]    
     1.3                   1.722  240.69   24.76  [1]    
     1.3                   1.324  185.25   36.83  [1]    
     1.3                   1.431  181.93   32.39  [1]    
     1.3                   1.324  182.11   32.25  [1]    
     1.3                   0.941  280.41   85.86  [1]    
     1.3                   3.256  126.32    5.13  [1]    
     1.3                   2.059   99.17  -22.53  [1]    
     1.3                   1.038  314.07  -16.91  [1]    
     1.3                   2.390    7.16  -33.68  [1]    
     1.3                   1.851  355.31  -32.09  [1]    
     1.3                   1.006  274.24    2.01  [1]    
     1.3                   1.936  276.96    3.72  [1]    
     1.3                   0.705  123.66    0.82  [1]    
     1.3                   0.454   42.83   75.24  [1]    
     1.3                   1.259   25.63   -9.54  [1]    
     1.3                   1.715  289.00  -10.83  [1]    
     1.3                   1.872   70.46  -12.64  [1]    
     1.3                   1.730    7.75  -10.77  [1]    
     1.3                   1.423  343.64  -10.66  [1]    
     1.3                   1.733   65.57  -10.56  [1]    
     1.3                   1.324  293.36   -5.65  [1]    
     1.3                   1.303  287.78   -3.14  [1]    
     1.3                   1.216  278.16    1.55  [1]    
     1.3                   1.778   32.18  -13.47  [1]    
     1.3                   1.775   64.98  -10.13  [1]    
     1.3                   1.759   65.14  -10.43  [1]    
     1.3                   1.471  319.41  -10.83  [1]    
     1.3                   6.018  161.49    9.33  [1]    
     1.3                   1.439  205.42   12.41  [1]    
     1.3                   0.955  260.89   86.04  [1]    
     1.3                   1.816  307.22   -4.35  [1]    
     1.3                   0.474   45.04    2.55  [1]    
     1.3                   0.910  290.73   29.24  [1]    
     1.3                   0.896  318.76   84.30  [1]    
     1.3                   1.041  270.77   70.00  [1]    
     1.3                   2.096  220.96   35.46  [1]    
     1.3                   1.474  137.20   15.77  [1]    
     1.3                   2.244  178.29   45.80  [1]    
     1.3                   1.523  261.08    0.42  [1]    
     1.3                   4.713  258.05    0.31  [1]    
     1.3                   2.651   92.83   16.89  [1]    
     1.3                   1.172  228.84    3.07  [1]    
     1.3                   1.013  300.34   -7.38  [1]    
     1.3                   2.713  171.67    9.72  [1]    
     1.3                   2.225  121.46   21.19  [1]    
     1.3                   3.191  171.72   56.54  [1]    
     1.3                   1.667  100.45   -1.19  [1]    
     1.3                   1.192   46.65    1.43  [1]    
     1.3                   1.488   90.51   -0.42  [1]    
     1.3                  84.408   92.01   -5.67  [1]    
     1.3                   1.988   91.62   -5.54  [1]    
     1.3                   0.891  251.52   26.80  [1]    
     1.3                   1.342  135.77   88.01  [1]    
     1.3                   0.411  193.69    2.48  [1]    
     1.3                   2.985  116.61    7.52  [1]    
     1.3                   3.270  118.21   13.00  [1]    
     1.3                   5.018   76.46  -42.21  [1]    
     1.3                   3.054  166.61   51.81  [1]    
     1.3                   3.095  253.48   45.26  [1]    
     1.3                   2.300  177.71   49.70  [1]    
     1.3                   0.550  108.58   14.40  [1]    
     1.3                   0.564  118.34   13.68  [1]    
     1.3                   0.591  311.28   -1.36  [1]    
     1.3                   1.418  347.60    5.95  [1]    
     1.3                   2.371    7.05  -33.29  [1]    
     1.3                   1.208  261.73   10.62  [1]    
     1.3                   0.541  110.71   63.12  [1]    
     1.3                   8.463  286.50  -37.50  [1]    
     1.3                   3.142  269.15    3.14  [1]    
     1.3                   1.143  226.60    8.34  [1]    
     1.3                   1.261  343.39  -32.73  [1]    
     1.3                   1.669   79.22   -9.96  [1]    
     1.3                   1.732  126.25    7.20  [1]    
     1.3                   1.190  181.80   27.27  [1]    
     1.3                   0.760  289.42   -0.94  [1]    
     1.3                   3.297  303.51  -14.34  [1]    
     1.3                   3.628  302.84  -14.51  [1]    
     1.3                   1.133  241.85   16.63  [1]    
     1.3                   2.121   87.47  -24.02  [1]    
     1.3                   3.972   58.98  -35.85  [1]    
     1.3                   8.502   35.70    7.03  [1]    
     1.3                   8.481   46.14    7.27  [1]    
     1.3                   0.498   84.64  -36.28  [1]    
     1.3                   8.492   58.76  -37.24  [1]    
     1.3                   8.492   59.79  -37.49  [1]    
     1.3                   1.928  330.56   -3.26  [1]    
     1.3                   1.946   10.97   -2.18  [1]    
     1.3                   3.137    6.34    2.80  [1]    
     1.3                   0.807  146.72    0.79  [1]    
     1.3                   2.279   81.33   10.79  [1]    
     1.3                   1.288  299.37   -9.42  [1]    
     1.3                   1.095  207.25    7.94  [1]    
     1.3                   1.973  139.38   47.31  [1]    
     1.3                   2.030   91.01   25.09  [1]    
     1.3                   0.910  233.56   -6.07  [1]    
     1.3                   1.098  321.78  -15.46  [1]    
     1.3                   1.301   78.05  -11.28  [1]    
     1.3                   2.688  159.41    5.59  [1]    
     1.3                   2.798  162.30    9.61  [1]    
     1.3                   0.903  110.77   -7.29  [1]    
     1.3                   1.152  352.02   -9.32  [1]    
     1.3                   1.244   51.21  -14.68  [1]    
     1.3                   4.022  116.32   -5.76  [1]    
     1.3                   1.296   76.83  -19.04  [1]    
     1.3                   2.137  195.77   16.99  [1]    
     1.3                   1.140  233.92   16.99  [1]    
     1.3                   1.589  239.07    1.62  [1]    
     1.3                   0.872  186.64   85.48  [1]    
     1.3                   8.439   73.69  -15.09  [1]    
     1.3                   1.605  178.75   10.84  [1]    
     1.3                   1.116   33.94  -13.46  [1]    
     1.3                   1.464  156.24   -2.46  [1]    
     1.3                   3.016   57.33  -13.95  [1]    
     1.3                   0.999  136.37    3.58  [1]    
     1.3                   0.434  213.18    9.49  [1]    
     1.3                   2.438   51.18  -24.81  [1]    
     1.3                   1.152  291.86   -1.28  [1]    
     1.3                   1.214   54.79   81.96  [1]    
     1.3                   2.905  161.97   42.49  [1]    
     1.3                   1.444   33.23    7.52  [1]    
     1.3                   2.458  332.24  -12.22  [1]    
     1.3                   0.268  297.56   11.07  [1]    
     1.3                   0.693  111.21    8.44  [1]    
     1.3                   0.732  156.47   -3.28  [1]    
     1.3                   2.154  192.77  -32.95  [1]    
     1.3                   7.475  161.38  -63.31  [1]    
     1.3                   1.773  180.66  -10.13  [1]    
     1.3                   1.130  101.11   -7.09  [1]    
     1.3                   1.095  101.06    3.96  [1]    
     1.3                   1.103  101.28    4.22  [1]    
     1.3                   4.430  167.54   55.74  [1]    
     1.3                   3.715  157.11   56.15  [1]    
     1.3                   1.074   77.76   10.68  [1]    
     1.3                   0.682  341.17   -9.06  [1]    
     1.3                   1.380  256.32    1.96  [1]    
     1.3                   1.325  123.92   12.23  [1]    
     1.3                   5.103  153.03   -1.13  [1]    
     1.3                   2.452  283.57   14.00  [1]    
     1.3                   1.366  179.35   17.00  [1]    
     1.3                   3.917   60.89   -0.82  [1]    
     1.3                   3.476   61.51    4.87  [1]    
     1.3                   3.225  316.37    7.74  [1]    
     1.3                   0.449  259.03  -37.80  [1]    
     1.3                   3.249   23.76  -21.43  [1]    
     1.3                   3.244   23.40  -21.62  [1]    
