Gorickova   (m, 360)

[1]: 2012/01/12     0.00  


     1.0                   0.000    0.00    0.00         
     1.0                   4.838  105.14   23.79  [1]    
     1.0         1.1       1.422   12.84    6.81  [1]    
     1.0         1.1       1.423   13.93    6.54  [1]    
     1.0         1.1       1.421   14.04    6.53  [1]    
     1.1         1.2       1.423   12.46    6.83  [1]    
     1.1         1.2       1.423   12.45    6.82  [1]    
     1.1         1.2       1.422   11.39    6.96  [1]    
     1.2                   5.101  279.84   24.97  [1]    
     1.2                   1.409  185.40   16.38  [1]    
     1.2                   2.605  160.77   24.26  [1]    
     1.2                   1.581   33.39    5.69  [1]    
     1.2                   1.454  359.61   -2.24  [1]    
     1.2                   1.575   33.87    5.63  [1]    
     1.2                   1.408  135.60   18.61  [1]    
     1.2                   1.651  137.84   15.07  [1]    
     1.2                   2.274  122.24  -11.68  [1]    
     1.2                   3.869  237.99   18.23  [1]    
     1.2                   3.005  186.92  -48.20  [1]    
     1.2                   2.884  258.56   86.71  [1]    
     1.2                   3.407  341.91   -1.36  [1]    
     1.2                   3.161  150.84    2.01  [1]    
     1.2                   5.763  292.92  -22.47  [1]    
     1.2                   4.809  288.00  -21.46  [1]    
     1.2                   4.845  241.57    3.98  [1]    
     1.2                   9.183   69.40   77.12  [1]    
     1.2                   3.181   18.84    0.38  [1]    
     1.2                   8.816  170.63   74.90  [1]    
     1.2                   5.031  309.62    3.02  [1]    
     1.2                   3.182  347.59   19.71  [1]    
     1.2                   5.609  231.83   30.23  [1]    
     1.2                   7.122  283.29   40.82  [1]    
     1.2                   6.347  149.25   21.96  [1]    
     1.2                   2.939  159.23  -62.46  [1]    
     1.2                   2.713  150.56  -79.13  [1]    
     1.2                   1.763  325.68   18.77  [1]    
     1.2                   4.985  200.23   27.05  [1]    
     1.2                   2.081  160.58   27.26  [1]    
     1.2                   3.616  190.63  -31.68  [1]    
     1.2                   3.551  278.81  -64.36  [1]    
     1.2                   7.207   46.90  -35.60  [1]    
     1.2                   1.882  116.15  -21.52  [1]    
     1.2                   6.360   39.05  -31.18  [1]    
     1.2                   1.889  107.84  -17.66  [1]    
     1.2                   2.180  215.63  -27.58  [1]    
     1.2                   5.926  359.01  -18.26  [1]    
     1.2                   2.773   35.43  -20.17  [1]    
     1.2                   4.774   57.19  -34.32  [1]    
     1.2                   2.819  255.46  -68.81  [1]    
     1.2                   1.814  295.55   17.83  [1]    
     1.2                   2.123  131.02   16.43  [1]    
     1.2                   2.946   84.69  -28.70  [1]    
     1.2                   2.794   96.03   44.31  [1]    
     1.2                   4.352  112.29  -28.54  [1]    
     1.2                   5.980  104.87   -1.05  [1]    
     1.2                   3.606   49.21   61.11  [1]    
     1.2                   3.340   45.74   61.69  [1]    
     1.2                   3.561   48.92   61.78  [1]    
     1.2                   3.368   92.69  -10.34  [1]    
     1.2                  11.624  297.66  -37.41  [1]    
     1.2                   4.256  293.41  -37.66  [1]    
     1.2                   5.411  107.14   31.02  [1]    
     1.2                   3.635  294.65    8.17  [1]    
     1.2                   2.250   27.19  -20.55  [1]    
     1.2                   3.798  105.74   25.48  [1]    
     1.2                   6.579  353.73    7.88  [1]    
     1.2                  77.811  238.49    6.43  [1]    
     1.2                   2.725   28.99  -22.47  [1]    
     1.2                   1.439  238.50    6.59  [1]    
     1.2                   1.303  249.27   12.11  [1]    
     1.2                  14.571  143.93  -28.34  [1]    
     1.2                  15.022  144.26  -28.34  [1]    
     1.2                   1.009  261.72   16.01  [1]    
     1.2                   0.690   67.30   17.59  [1]    
     1.2                   3.325  145.34  -28.50  [1]    
     1.2                   2.321   55.43  -19.17  [1]    
     1.2                   1.072  357.98   -5.59  [1]    
     1.2                   1.778   31.18  -15.68  [1]    
     1.2                   2.499  117.33   -4.30  [1]    
     1.2                   2.464  318.96   21.88  [1]    
     1.2                   6.620  254.99   52.47  [1]    
     1.2                   2.757  243.52   50.17  [1]    
     1.2                   2.690  138.39    2.96  [1]    
     1.2                   2.660  138.28    2.96  [1]    
     1.2                   2.690  134.96   13.23  [1]    
     1.2                   2.725  130.05    9.73  [1]    
     1.2                   2.350  244.21   33.85  [1]    
     1.2                   2.219  285.36   50.07  [1]    
     1.2                   1.322  195.09   49.15  [1]    
     1.2                   2.697  180.87   76.70  [1]    
     1.2                   2.738  143.41   18.89  [1]    
     1.2                   3.600  101.51   55.87  [1]    
     1.2                   2.197  218.59  -19.98  [1]    
     1.2                   0.249  133.41    8.59  [1]    
     1.2                   0.247  139.06   44.64  [1]    
     1.2                   3.597  196.53   50.17  [1]    
     1.2                   1.515  329.88   64.79  [1]    
     1.2                   3.587  222.62   21.46  [1]    
     1.2                   3.666  216.27   31.90  [1]    
     1.2                   1.109  250.24   39.95  [1]    
     1.2                   0.914  323.59  -54.35  [1]    
     1.2                   3.521  149.96   10.32  [1]    
     1.2                   3.574  144.17    0.35  [1]    
     1.2                  11.097  181.96   27.15  [1]    
     1.2                   5.492  181.63   27.14  [1]    
     1.2                   3.614  181.51   27.33  [1]    
     1.2                   3.920  274.48   19.67  [1]    
     1.2                   6.243   23.57   11.46  [1]    
     1.2                   6.388   23.19    9.98  [1]    
     1.2                   1.469   54.81  -45.70  [1]    
     1.2                   2.492   43.06  -33.80  [1]    
     1.2                   1.483   55.63  -44.13  [1]    
     1.2                   1.111   44.06   -5.59  [1]    
     1.2                  35.167   56.57  -45.02  [1]    
     1.2                   1.887  105.54   17.72  [1]    
     1.2                  96.569   54.99  -42.51  [1]    
     1.2                  24.031   55.29  -44.34  [1]    
     1.2                   2.196   26.69  -10.82  [1]    
     1.2                  10.004   54.20  -44.17  [1]    
     1.2                  95.589   54.20  -44.53  [1]    
     1.2                  66.670   54.70  -44.87  [1]    
     1.2                   2.320  259.06    4.11  [1]    
     1.2                   1.441  260.58    8.89  [1]    
     1.2                   1.406    2.28   15.81  [1]    
     1.2                   1.474   54.30  -45.07  [1]    
     1.2                   0.904   93.75  -28.10  [1]    
     1.2                   1.143   89.96  -13.54  [1]    
     1.2                   1.165   83.40   -8.82  [1]    
     1.2                   1.045   74.92   -8.70  [1]    
     1.2                   1.462   54.20  -45.81  [1]    
     1.2                   1.509  278.78  -89.04  [1]    
     1.2                   4.979  306.88   -0.28  [1]    
     1.2                   3.337  358.51    4.44  [1]    
     1.2                   1.460  358.39   66.87  [1]    
     1.2                   4.263  184.67   23.56  [1]    
     1.2                   4.020  234.96   36.04  [1]    
     1.2                   4.005  231.34   34.90  [1]    
     1.2                   4.053  231.00   35.43  [1]    
     1.2                   1.958  115.15   18.40  [1]    
     1.2                   4.528   93.81  -12.43  [1]    
     1.2                   2.016   93.97    1.38  [1]    
     1.2                   4.951   96.69  -17.76  [1]    
     1.2                   4.053  203.63   23.93  [1]    
     1.2                   2.950  253.92   11.40  [1]    
     1.2                   2.256  206.55  -71.39  [1]    
     1.2                   2.233  206.52  -71.22  [1]    
     1.2                   4.158  189.67   22.76  [1]    
     1.2                   4.690  279.51  -44.57  [1]    
     1.2                   2.993   45.84   48.88  [1]    
     1.2                   2.319  242.11  -46.36  [1]    
     1.2                   2.121  169.10   65.32  [1]    
     1.2                  10.957   78.09   59.83  [1]    
     1.2                  10.982   78.62   59.55  [1]    
     1.2                   3.047  190.76   -1.82  [1]    
     1.2                   2.230   15.81  -18.29  [1]    
     1.2                   1.999   71.63  -37.25  [1]    
     1.2                   1.185  333.37   -3.50  [1]    
     1.2                   3.024  133.65  -32.94  [1]    
     1.2                   2.563  269.05   32.81  [1]    
     1.2                   3.054  135.09  -14.01  [1]    
     1.2                   0.777  220.95    8.93  [1]    
     1.2                   1.429   89.60  -34.04  [1]    
     1.2                   3.139  209.61    9.89  [1]    
     1.2                   0.928  312.03   -4.14  [1]    
     1.2                   1.305  226.19  -84.77  [1]    
     1.2                   0.931  312.61   -4.62  [1]    
     1.2                   1.291  202.00  -80.50  [1]    
     1.2                   2.447  109.76  -28.89  [1]    
     1.2                   0.768  197.73    5.86  [1]    
     1.2                   4.813  114.70  -29.94  [1]    
     1.2                   3.353  134.19   15.32  [1]    
     1.2                   1.401  182.03   32.42  [1]    
     1.2                   1.497  182.38   33.26  [1]    
     1.2                   2.128  280.49   20.79  [1]    
     1.2                   1.547  178.60    9.50  [1]    
     1.2                   1.640   58.86   24.92  [1]    
     1.2                   5.321  226.49   36.24  [1]    
     1.2                   5.760  224.48   38.34  [1]    
     1.2                   1.594  107.20  -11.44  [1]    
     1.2                   2.266   39.85   -6.60  [1]    
     1.2                   1.988   79.39   19.17  [1]    
     1.2                   1.089  162.30    6.31  [1]    
     1.2                   6.005   60.95  -20.59  [1]    
     1.2                   2.944   87.54   -7.21  [1]    
     1.2                   3.011   88.20   -6.52  [1]    
     1.2                   2.540   18.98  -40.60  [1]    
     1.2                   2.982   23.98    2.79  [1]    
     1.2                   4.188   37.55   -3.02  [1]    
     1.2                   3.871   44.70   -6.32  [1]    
     1.2                   3.583  127.90   34.48  [1]    
     1.2                   2.547  182.47   79.27  [1]    
     1.2                   7.195   15.36  -32.91  [1]    
     1.2                   2.884   14.73  -32.63  [1]    
     1.2                   2.689  207.83   29.84  [1]    
     1.2                   2.790  150.87   16.27  [1]    
     1.2                   4.020  346.20  -79.38  [1]    
     1.2                   3.286  311.80   -0.39  [1]    
     1.2                   3.252  312.67   -0.66  [1]    
     1.2                   2.339   92.41   -2.11  [1]    
     1.2                   2.660   89.20  -16.91  [1]    
     1.2                   3.814  314.19   -4.62  [1]    
     1.2                   2.456  284.19   16.66  [1]    
     1.2                   2.929  283.86   16.57  [1]    
     1.2                   4.044  231.58   24.81  [1]    
     1.2                   2.955  354.77   -8.04  [1]    
     1.2                   2.458   41.23  -26.89  [1]    
     1.2                   4.263   27.78  -17.09  [1]    
     1.2                   3.895  205.07    0.17  [1]    
     1.2                   2.125  124.10   50.33  [1]    
     1.2                   2.013   20.77   19.26  [1]    
     1.2                   1.970   17.54   46.32  [1]    
     1.2                   3.612  282.74   26.48  [1]    
     1.2                   3.549  288.96   25.60  [1]    
